{
 "cells": [
  {
   "cell_type": "code",
   "execution_count": 1,
   "metadata": {},
   "outputs": [],
   "source": [
    "from npmatrix_helper import matrixInfo, printMatrix\n",
    "import numpy as np"
   ]
  },
  {
   "cell_type": "code",
   "execution_count": 2,
   "metadata": {},
   "outputs": [
    {
     "output_type": "display_data",
     "data": {
      "text/plain": "<IPython.core.display.Markdown object>",
      "text/markdown": "$ \\gamma = \\begin{bmatrix}2.5 & 1.1 & \\cdots & 0.8 \\\\ 1.4 & 1.6 & \\cdots & -1.5 \\\\ 1.2 & -0.1 & \\cdots & -0.5 \\end{bmatrix}_{Shape(3, 6)} $"
     },
     "metadata": {}
    }
   ],
   "source": [
    "printMatrix(np.random.randn(3, 6), 1, '\\gamma', 4)"
   ]
  },
  {
   "cell_type": "code",
   "execution_count": 3,
   "metadata": {},
   "outputs": [
    {
     "output_type": "display_data",
     "data": {
      "text/plain": "<IPython.core.display.Markdown object>",
      "text/markdown": "$ A = \\begin{bmatrix}-0.5 & 1.3 \\\\ 1.3 & -1.2 \\\\ -1.9 & -1.1 \\\\ \\vdots &  \\vdots \\\\ 1.0 & 1.6 \\end{bmatrix}_{Shape(20, 2)} $$ B = \\begin{bmatrix}-1.9 & 0.3 & 0.1 & \\cdots & -0.6 \\\\ 0.3 & -1.3 & -2.4 & \\cdots & -0.5 \\\\ 0.6 & 1.9 & 1.6 & \\cdots & 0.1 \\\\ \\vdots & \\vdots & \\vdots &  \\ddots & \\vdots \\\\ 0.3 & 0.3 & 0.8 & \\cdots & 0.2 \\end{bmatrix}_{Shape(10, 10)} $"
     },
     "metadata": {}
    }
   ],
   "source": [
    "printMatrix([np.random.randn(20, 2), np.random.randn(10, 10)], 1, ['A','B','C'], maxSize=5)"
   ]
  },
  {
   "cell_type": "code",
   "execution_count": 4,
   "metadata": {},
   "outputs": [],
   "source": [
    "#"
   ]
  },
  {
   "cell_type": "code",
   "execution_count": 5,
   "metadata": {},
   "outputs": [],
   "source": [
    "m = np.random.randn(10, 10)"
   ]
  },
  {
   "cell_type": "code",
   "execution_count": 6,
   "metadata": {},
   "outputs": [
    {
     "output_type": "display_data",
     "data": {
      "text/plain": "<IPython.core.display.Markdown object>",
      "text/markdown": "## Overview for the 2-dimensional matrix A"
     },
     "metadata": {}
    },
    {
     "output_type": "display_data",
     "data": {
      "text/plain": "<IPython.core.display.Markdown object>",
      "text/markdown": "$ A = \\begin{bmatrix}0.919211155044405 & 0.698295198929264 & -1.306783156528305 & 1.141921799477783 & -0.907894936607238 & 0.354821180142064 & 1.755197707191695 & 1.508317586120918 & 0.397228741045259 & 0.774550933676546 \\\\ -0.079885389957096 & 1.11876366868901 & -0.712348293192872 & -0.408697856318465 & -0.194835396611227 & 2.102952486086737 & 0.046321065278287 & 1.050371913722866 & 0.353630903700449 & 0.254226909439283 \\\\ 0.860266820680155 & -0.201297026812315 & 0.057669947034143 & -1.195727655103066 & -2.485448831093936 & -2.231404029500552 & 2.149967367022764 & 0.743407195202437 & 0.08431089646758 & 1.574422594120274 \\\\ -0.150661304354765 & -1.431105668100409 & -0.303537802122212 & -2.106510918574024 & 0.158643647269828 & 0.998082229118193 & 1.016814564016432 & -0.497551819802926 & -0.086805849439575 & 1.557593586904211 \\\\ -0.393725228371612 & -1.729113418564763 & -1.081298698464148 & -2.383322756552616 & 1.68646347360445 & 1.072735236534433 & 1.738949334232213 & 0.890769998348828 & 0.184440461800735 & -1.650598654458942 \\\\ 0.140324354722984 & -0.571034782608229 & 1.003113846736402 & -0.028043883465946 & 0.42993492759464 & 1.926843180026907 & 0.663251038615674 & 2.049457469116744 & 0.450281333434941 & -2.339438675203502 \\\\ -0.042671034722346 & -0.255685206074854 & -0.376608026048087 & 0.009642183775632 & 1.265631381826749 & -1.206693007347742 & -0.126889146834316 & 0.723912122178325 & 1.340871206106022 & 0.650932570128838 \\\\ -0.870750751003131 & 0.552106858661589 & 0.047938095997306 & 0.118871898084348 & 0.267878590780429 & 0.227795253056171 & -1.049159226953173 & 2.664747691439056 & -0.787925784687804 & -0.060207672616167 \\\\ -0.053125226885195 & -0.765988123684288 & 1.859316352366939 & 1.701195182861562 & 0.662626360823179 & -2.320160801996166 & 0.429354796639024 & 0.263125000010812 & -0.794404029884691 & -0.142693927901793 \\\\ -0.347031380007052 & -0.157829683587776 & -1.451030692795419 & 0.755555392979891 & 0.387522300592592 & -2.13750238922468 & -0.897841252143025 & 0.455932429712729 & -2.060705808483488 & 0.633823205072543 \\end{bmatrix}_{Shape(10, 10)} $"
     },
     "metadata": {}
    },
    {
     "output_type": "display_data",
     "data": {
      "text/plain": "<IPython.core.display.Markdown object>",
      "text/markdown": "### Eigenvalues and corresponding eigenvectors"
     },
     "metadata": {}
    },
    {
     "output_type": "display_data",
     "data": {
      "text/plain": "<IPython.core.display.Markdown object>",
      "text/markdown": "$ v_{(-3.5208776240944997+0j)} = \\begin{bmatrix}(-0.023168190603144+0j) \\\\ (-0.234034607023935+0j) \\\\ (-0.275977754180615+0j) \\\\ (-0.476793409404893+0j) \\\\ (-0.234438293053307+0j) \\\\ (0.129011393762907+0j) \\\\ (-0.242353336260636+0j) \\\\ (0.077085278319897+0j) \\\\ (0.633799386143888+0j) \\\\ (0.321264948333504+0j) \\end{bmatrix}_{Shape(10, 1)} $$ v_{(2.530179584162358+3.064388644601297j)} = \\begin{bmatrix}(0.161367736733841+0.237327850559502j) \\\\ (-0.147945608623479+0.13395769745144j) \\\\ (0.564860103375428+0j) \\\\ (-0.001841446878481+0.048661202293376j) \\\\ (-0.342292802921599+0.014827762525586j) \\\\ (-0.136440027325141-0.251112865772048j) \\\\ (0.08675297654844+0.121640793920614j) \\\\ (-0.076119210036189+0.21214064191948j) \\\\ (0.296905086214658-0.091176743764698j) \\\\ (-0.053572051638368+0.429943272943559j) \\end{bmatrix}_{Shape(10, 1)} $$ v_{(2.530179584162358-3.064388644601297j)} = \\begin{bmatrix}(0.161367736733841-0.237327850559502j) \\\\ (-0.147945608623479-0.13395769745144j) \\\\ (0.564860103375428-0j) \\\\ (-0.001841446878481-0.048661202293376j) \\\\ (-0.342292802921599-0.014827762525586j) \\\\ (-0.136440027325141+0.251112865772048j) \\\\ (0.08675297654844-0.121640793920614j) \\\\ (-0.076119210036189-0.21214064191948j) \\\\ (0.296905086214658+0.091176743764698j) \\\\ (-0.053572051638368-0.429943272943559j) \\end{bmatrix}_{Shape(10, 1)} $$ v_{(3.523621640880914+0j)} = \\begin{bmatrix}(0.321553333955061+0j) \\\\ (0.514552662343902+0j) \\\\ (-0.00802356211419+0j) \\\\ (-0.156511817236046+0j) \\\\ (-0.1224348038598+0j) \\\\ (0.325534463632494+0j) \\\\ (-0.193928912174335+0j) \\\\ (0.576679262935207+0j) \\\\ (-0.339266586367981+0j) \\\\ (0.032349721831533+0j) \\end{bmatrix}_{Shape(10, 1)} $$ v_{(-1.420445194335123+1.113560901809167j)} = \\begin{bmatrix}(0.52050591592416+0j) \\\\ (0.104729083475551+0.08640857060527j) \\\\ (0.424241436224233-0.174258497082956j) \\\\ (-0.153956064744504-0.027441252851777j) \\\\ (0.365116110226567-0.123675588029452j) \\\\ (0.044039898392633-0.071955896586378j) \\\\ (-0.119455051666498+0.26679403064175j) \\\\ (-0.02451787917179+0.014518572525694j) \\\\ (-0.322749888870857-0.24698498733847j) \\\\ (0.167806723771923-0.201309258943051j) \\end{bmatrix}_{Shape(10, 1)} $$ v_{(-1.420445194335123-1.113560901809167j)} = \\begin{bmatrix}(0.52050591592416-0j) \\\\ (0.104729083475551-0.08640857060527j) \\\\ (0.424241436224233+0.174258497082956j) \\\\ (-0.153956064744504+0.027441252851777j) \\\\ (0.365116110226567+0.123675588029452j) \\\\ (0.044039898392633+0.071955896586378j) \\\\ (-0.119455051666498-0.26679403064175j) \\\\ (-0.02451787917179-0.014518572525694j) \\\\ (-0.322749888870857+0.24698498733847j) \\\\ (0.167806723771923+0.201309258943051j) \\end{bmatrix}_{Shape(10, 1)} $$ v_{(1.863262552402432+1.522169673482045j)} = \\begin{bmatrix}(-0.62879844941027+0j) \\\\ (-0.342061017222445-0.0505842835276j) \\\\ (0.080720723067503+0.281727785900297j) \\\\ (-0.013612645605913-0.11737753277009j) \\\\ (-0.219997224383259-0.397617232994553j) \\\\ (-0.081732397835836-0.116748891662486j) \\\\ (-0.163077223858584-0.207700468109762j) \\\\ (-0.062210347240815-0.191396356972821j) \\\\ (0.152123975992899+0.005814695809904j) \\\\ (-0.109515969209364-0.113949459291107j) \\end{bmatrix}_{Shape(10, 1)} $$ v_{(1.863262552402432-1.522169673482045j)} = \\begin{bmatrix}(-0.62879844941027-0j) \\\\ (-0.342061017222445+0.0505842835276j) \\\\ (0.080720723067503-0.281727785900297j) \\\\ (-0.013612645605913+0.11737753277009j) \\\\ (-0.219997224383259+0.397617232994553j) \\\\ (-0.081732397835836+0.116748891662486j) \\\\ (-0.163077223858584+0.207700468109762j) \\\\ (-0.062210347240815+0.191396356972821j) \\\\ (0.152123975992899-0.005814695809904j) \\\\ (-0.109515969209364+0.113949459291107j) \\end{bmatrix}_{Shape(10, 1)} $$ v_{(-0.7267578544284008+0j)} = \\begin{bmatrix}(0.780735746171764+0j) \\\\ (0.103408832640479+0j) \\\\ (0.267405641380325+0j) \\\\ (-0.281848681144144+0j) \\\\ (0.329387205759629+0j) \\\\ (-0.000862627620272+0j) \\\\ (-0.281029871413699+0j) \\\\ (0.044090444347209+0j) \\\\ (-0.15074399219286+0j) \\\\ (0.129118818692369+0j) \\end{bmatrix}_{Shape(10, 1)} $$ v_{(0.7577381788001276+0j)} = \\begin{bmatrix}(-0.482060961958153+0j) \\\\ (-0.629392525634664+0j) \\\\ (-0.060527102422929+0j) \\\\ (0.270079258919205+0j) \\\\ (-0.455202422519742+0j) \\\\ (0.060192173642585+0j) \\\\ (-0.202656336438803+0j) \\\\ (-0.022694714062877+0j) \\\\ (0.20601160916864+0j) \\\\ (0.004263134062029+0j) \\end{bmatrix}_{Shape(10, 1)} $"
     },
     "metadata": {}
    },
    {
     "output_type": "display_data",
     "data": {
      "text/plain": "<IPython.core.display.Markdown object>",
      "text/markdown": "## Euclidian Norm (2nd)"
     },
     "metadata": {}
    },
    {
     "output_type": "display_data",
     "data": {
      "text/plain": "<IPython.core.display.Markdown object>",
      "text/markdown": "$ {\\|A\\|_2} =11.424715789763393$"
     },
     "metadata": {}
    },
    {
     "output_type": "display_data",
     "data": {
      "text/plain": "<IPython.core.display.Markdown object>",
      "text/markdown": "### Determinant"
     },
     "metadata": {}
    },
    {
     "output_type": "display_data",
     "data": {
      "text/plain": "<IPython.core.display.Markdown object>",
      "text/markdown": "${det}_{A} = $2034.639614158153"
     },
     "metadata": {}
    },
    {
     "output_type": "display_data",
     "data": {
      "text/plain": "<IPython.core.display.Markdown object>",
      "text/markdown": "### Rank"
     },
     "metadata": {}
    },
    {
     "output_type": "display_data",
     "data": {
      "text/plain": "<IPython.core.display.Markdown object>",
      "text/markdown": "$rank(A) = $10"
     },
     "metadata": {}
    },
    {
     "output_type": "display_data",
     "data": {
      "text/plain": "<IPython.core.display.Markdown object>",
      "text/markdown": "Matrix is FULL RANK"
     },
     "metadata": {}
    },
    {
     "output_type": "display_data",
     "data": {
      "text/plain": "<IPython.core.display.Markdown object>",
      "text/markdown": "### Inverse"
     },
     "metadata": {}
    },
    {
     "output_type": "display_data",
     "data": {
      "text/plain": "<IPython.core.display.Markdown object>",
      "text/markdown": "$ {A}^{-1} = \\begin{bmatrix}-1.297428229985206 & 2.739565914959634 & 0.672618634624824 & 0.208226956478991 & -0.851276689707602 & 1.88586906310529 & 0.966724435076837 & -2.291615900327177 & 0.396995059708555 & 1.926872164294698 \\\\ -0.564798802682258 & 1.618037320439284 & 0.294288217617829 & -0.414062037658949 & 0.105674449907888 & -0.064990115399182 & 0.119055543735361 & -0.597592256923555 & 0.516645992837762 & 0.300327217296624 \\\\ -0.420951165914555 & 0.71865211303728 & 0.173511457330851 & 0.066386265738388 & -0.165858131149515 & 0.256907593175511 & 0.094962219909891 & -0.307881734752482 & 0.40240692393657 & 0.112158663774822 \\\\ 0.695829686909955 & -1.096870092540934 & -0.385475352768829 & 0.036391208989253 & 0.039629479125838 & -0.363031657363107 & -0.26138683392369 & 0.58716726843508 & -0.142423777742453 & -0.486866070893848 \\\\ -0.585454773310052 & 1.538495318207515 & 0.118095841475214 & 0.007864456056741 & -0.046312828706669 & 0.383162535453088 & 0.459381482187945 & -0.877920665978346 & 0.566121577566616 & 0.651593038700997 \\\\ 0.125030763205173 & -0.024741035408733 & -0.156464124807056 & 0.204170040631369 & -0.090902737951628 & 0.08810079725591 & -0.119239152579873 & 0.029933334062235 & -0.050551081558401 & -0.053576679257686 \\\\ 0.305726104615032 & -0.012755886309537 & -0.041172557892874 & -0.13267526278765 & 0.401509537887193 & -0.515319599094162 & -0.292338776888426 & 0.19795945306377 & 0.320394644830676 & -0.40544117326166 \\\\ -0.032890631095451 & 0.129288201743258 & 0.105364167915503 & 0.064579348207268 & -0.104477503602164 & 0.28573294741892 & 0.179804949352942 & 0.064536673065828 & -0.014900942748943 & 0.168585711529475 \\\\ 0.435565760353631 & -1.065078359434832 & -0.177625542030704 & -0.078033567777176 & 0.095309507198823 & -0.360069599336744 & 0.088968708139657 & 0.58256337989409 & -0.383442602411452 & -0.675251094749851 \\\\ 0.008285247477639 & 0.257680959372062 & -0.013191280913933 & 0.315134991907277 & -0.191180862878636 & -0.006068387648683 & 0.150752782401345 & -0.042541385300157 & 0.13833956794868 & 0.074593568818868 \\end{bmatrix}_{Shape(10, 10)} $"
     },
     "metadata": {}
    },
    {
     "output_type": "display_data",
     "data": {
      "application/vnd.plotly.v1+json": {
       "config": {
        "plotlyServerURL": "https://plot.ly"
       },
       "data": [
        {
         "contours": {
          "z": {
           "end": 1.2361637633188751,
           "show": true,
           "size": 1.1392675040825166,
           "start": -1.0537639198869833
          }
         },
         "type": "surface",
         "x": [
          0,
          1,
          2,
          3,
          4,
          5,
          6,
          7,
          8,
          9
         ],
         "y": [
          0,
          1,
          2,
          3,
          4,
          5,
          6,
          7,
          8,
          9
         ],
         "z": [
          [
           0.9192111550444046,
           0.6982951989292635,
           -1.3067831565283048,
           1.1419217994777833,
           -0.9078949366072382,
           0.35482118014206404,
           1.7551977071916949,
           1.5083175861209182,
           0.3972287410452592,
           0.7745509336765465
          ],
          [
           -0.07988538995709636,
           1.11876366868901,
           -0.7123482931928715,
           -0.40869785631846545,
           -0.19483539661122734,
           2.102952486086737,
           0.04632106527828738,
           1.050371913722866,
           0.3536309037004492,
           0.25422690943928333
          ],
          [
           0.860266820680155,
           -0.20129702681231493,
           0.05766994703414257,
           -1.1957276551030658,
           -2.4854488310939353,
           -2.2314040295005517,
           2.149967367022764,
           0.7434071952024368,
           0.08431089646758037,
           1.5744225941202734
          ],
          [
           -0.1506613043547653,
           -1.4311056681004088,
           -0.30353780212221165,
           -2.1065109185740245,
           0.1586436472698284,
           0.998082229118193,
           1.016814564016432,
           -0.4975518198029261,
           -0.08680584943957537,
           1.5575935869042108
          ],
          [
           -0.39372522837161217,
           -1.7291134185647627,
           -1.081298698464148,
           -2.3833227565526167,
           1.6864634736044501,
           1.0727352365344331,
           1.7389493342322129,
           0.8907699983488275,
           0.18444046180073548,
           -1.650598654458942
          ],
          [
           0.14032435472298352,
           -0.5710347826082294,
           1.003113846736402,
           -0.028043883465945933,
           0.4299349275946405,
           1.9268431800269072,
           0.663251038615674,
           2.0494574691167444,
           0.4502813334349413,
           -2.3394386752035023
          ],
          [
           -0.04267103472234594,
           -0.2556852060748538,
           -0.37660802604808724,
           0.009642183775631528,
           1.265631381826749,
           -1.2066930073477418,
           -0.12688914683431632,
           0.7239121221783247,
           1.3408712061060217,
           0.650932570128838
          ],
          [
           -0.8707507510031306,
           0.5521068586615892,
           0.04793809599730602,
           0.11887189808434769,
           0.2678785907804291,
           0.2277952530561709,
           -1.0491592269531733,
           2.6647476914390555,
           -0.7879257846878037,
           -0.060207672616167
          ],
          [
           -0.05312522688519482,
           -0.7659881236842876,
           1.8593163523669392,
           1.701195182861562,
           0.662626360823179,
           -2.320160801996166,
           0.4293547966390239,
           0.263125000010812,
           -0.7944040298846908,
           -0.14269392790179325
          ],
          [
           -0.3470313800070519,
           -0.15782968358777646,
           -1.4510306927954193,
           0.7555553929798907,
           0.3875223005925923,
           -2.1375023892246796,
           -0.897841252143025,
           0.4559324297127291,
           -2.0607058084834886,
           0.6338232050725431
          ]
         ]
        }
       ],
       "layout": {
        "template": {
         "data": {
          "bar": [
           {
            "error_x": {
             "color": "#2a3f5f"
            },
            "error_y": {
             "color": "#2a3f5f"
            },
            "marker": {
             "line": {
              "color": "#E5ECF6",
              "width": 0.5
             }
            },
            "type": "bar"
           }
          ],
          "barpolar": [
           {
            "marker": {
             "line": {
              "color": "#E5ECF6",
              "width": 0.5
             }
            },
            "type": "barpolar"
           }
          ],
          "carpet": [
           {
            "aaxis": {
             "endlinecolor": "#2a3f5f",
             "gridcolor": "white",
             "linecolor": "white",
             "minorgridcolor": "white",
             "startlinecolor": "#2a3f5f"
            },
            "baxis": {
             "endlinecolor": "#2a3f5f",
             "gridcolor": "white",
             "linecolor": "white",
             "minorgridcolor": "white",
             "startlinecolor": "#2a3f5f"
            },
            "type": "carpet"
           }
          ],
          "choropleth": [
           {
            "colorbar": {
             "outlinewidth": 0,
             "ticks": ""
            },
            "type": "choropleth"
           }
          ],
          "contour": [
           {
            "colorbar": {
             "outlinewidth": 0,
             "ticks": ""
            },
            "colorscale": [
             [
              0,
              "#0d0887"
             ],
             [
              0.1111111111111111,
              "#46039f"
             ],
             [
              0.2222222222222222,
              "#7201a8"
             ],
             [
              0.3333333333333333,
              "#9c179e"
             ],
             [
              0.4444444444444444,
              "#bd3786"
             ],
             [
              0.5555555555555556,
              "#d8576b"
             ],
             [
              0.6666666666666666,
              "#ed7953"
             ],
             [
              0.7777777777777778,
              "#fb9f3a"
             ],
             [
              0.8888888888888888,
              "#fdca26"
             ],
             [
              1,
              "#f0f921"
             ]
            ],
            "type": "contour"
           }
          ],
          "contourcarpet": [
           {
            "colorbar": {
             "outlinewidth": 0,
             "ticks": ""
            },
            "type": "contourcarpet"
           }
          ],
          "heatmap": [
           {
            "colorbar": {
             "outlinewidth": 0,
             "ticks": ""
            },
            "colorscale": [
             [
              0,
              "#0d0887"
             ],
             [
              0.1111111111111111,
              "#46039f"
             ],
             [
              0.2222222222222222,
              "#7201a8"
             ],
             [
              0.3333333333333333,
              "#9c179e"
             ],
             [
              0.4444444444444444,
              "#bd3786"
             ],
             [
              0.5555555555555556,
              "#d8576b"
             ],
             [
              0.6666666666666666,
              "#ed7953"
             ],
             [
              0.7777777777777778,
              "#fb9f3a"
             ],
             [
              0.8888888888888888,
              "#fdca26"
             ],
             [
              1,
              "#f0f921"
             ]
            ],
            "type": "heatmap"
           }
          ],
          "heatmapgl": [
           {
            "colorbar": {
             "outlinewidth": 0,
             "ticks": ""
            },
            "colorscale": [
             [
              0,
              "#0d0887"
             ],
             [
              0.1111111111111111,
              "#46039f"
             ],
             [
              0.2222222222222222,
              "#7201a8"
             ],
             [
              0.3333333333333333,
              "#9c179e"
             ],
             [
              0.4444444444444444,
              "#bd3786"
             ],
             [
              0.5555555555555556,
              "#d8576b"
             ],
             [
              0.6666666666666666,
              "#ed7953"
             ],
             [
              0.7777777777777778,
              "#fb9f3a"
             ],
             [
              0.8888888888888888,
              "#fdca26"
             ],
             [
              1,
              "#f0f921"
             ]
            ],
            "type": "heatmapgl"
           }
          ],
          "histogram": [
           {
            "marker": {
             "colorbar": {
              "outlinewidth": 0,
              "ticks": ""
             }
            },
            "type": "histogram"
           }
          ],
          "histogram2d": [
           {
            "colorbar": {
             "outlinewidth": 0,
             "ticks": ""
            },
            "colorscale": [
             [
              0,
              "#0d0887"
             ],
             [
              0.1111111111111111,
              "#46039f"
             ],
             [
              0.2222222222222222,
              "#7201a8"
             ],
             [
              0.3333333333333333,
              "#9c179e"
             ],
             [
              0.4444444444444444,
              "#bd3786"
             ],
             [
              0.5555555555555556,
              "#d8576b"
             ],
             [
              0.6666666666666666,
              "#ed7953"
             ],
             [
              0.7777777777777778,
              "#fb9f3a"
             ],
             [
              0.8888888888888888,
              "#fdca26"
             ],
             [
              1,
              "#f0f921"
             ]
            ],
            "type": "histogram2d"
           }
          ],
          "histogram2dcontour": [
           {
            "colorbar": {
             "outlinewidth": 0,
             "ticks": ""
            },
            "colorscale": [
             [
              0,
              "#0d0887"
             ],
             [
              0.1111111111111111,
              "#46039f"
             ],
             [
              0.2222222222222222,
              "#7201a8"
             ],
             [
              0.3333333333333333,
              "#9c179e"
             ],
             [
              0.4444444444444444,
              "#bd3786"
             ],
             [
              0.5555555555555556,
              "#d8576b"
             ],
             [
              0.6666666666666666,
              "#ed7953"
             ],
             [
              0.7777777777777778,
              "#fb9f3a"
             ],
             [
              0.8888888888888888,
              "#fdca26"
             ],
             [
              1,
              "#f0f921"
             ]
            ],
            "type": "histogram2dcontour"
           }
          ],
          "mesh3d": [
           {
            "colorbar": {
             "outlinewidth": 0,
             "ticks": ""
            },
            "type": "mesh3d"
           }
          ],
          "parcoords": [
           {
            "line": {
             "colorbar": {
              "outlinewidth": 0,
              "ticks": ""
             }
            },
            "type": "parcoords"
           }
          ],
          "pie": [
           {
            "automargin": true,
            "type": "pie"
           }
          ],
          "scatter": [
           {
            "marker": {
             "colorbar": {
              "outlinewidth": 0,
              "ticks": ""
             }
            },
            "type": "scatter"
           }
          ],
          "scatter3d": [
           {
            "line": {
             "colorbar": {
              "outlinewidth": 0,
              "ticks": ""
             }
            },
            "marker": {
             "colorbar": {
              "outlinewidth": 0,
              "ticks": ""
             }
            },
            "type": "scatter3d"
           }
          ],
          "scattercarpet": [
           {
            "marker": {
             "colorbar": {
              "outlinewidth": 0,
              "ticks": ""
             }
            },
            "type": "scattercarpet"
           }
          ],
          "scattergeo": [
           {
            "marker": {
             "colorbar": {
              "outlinewidth": 0,
              "ticks": ""
             }
            },
            "type": "scattergeo"
           }
          ],
          "scattergl": [
           {
            "marker": {
             "colorbar": {
              "outlinewidth": 0,
              "ticks": ""
             }
            },
            "type": "scattergl"
           }
          ],
          "scattermapbox": [
           {
            "marker": {
             "colorbar": {
              "outlinewidth": 0,
              "ticks": ""
             }
            },
            "type": "scattermapbox"
           }
          ],
          "scatterpolar": [
           {
            "marker": {
             "colorbar": {
              "outlinewidth": 0,
              "ticks": ""
             }
            },
            "type": "scatterpolar"
           }
          ],
          "scatterpolargl": [
           {
            "marker": {
             "colorbar": {
              "outlinewidth": 0,
              "ticks": ""
             }
            },
            "type": "scatterpolargl"
           }
          ],
          "scatterternary": [
           {
            "marker": {
             "colorbar": {
              "outlinewidth": 0,
              "ticks": ""
             }
            },
            "type": "scatterternary"
           }
          ],
          "surface": [
           {
            "colorbar": {
             "outlinewidth": 0,
             "ticks": ""
            },
            "colorscale": [
             [
              0,
              "#0d0887"
             ],
             [
              0.1111111111111111,
              "#46039f"
             ],
             [
              0.2222222222222222,
              "#7201a8"
             ],
             [
              0.3333333333333333,
              "#9c179e"
             ],
             [
              0.4444444444444444,
              "#bd3786"
             ],
             [
              0.5555555555555556,
              "#d8576b"
             ],
             [
              0.6666666666666666,
              "#ed7953"
             ],
             [
              0.7777777777777778,
              "#fb9f3a"
             ],
             [
              0.8888888888888888,
              "#fdca26"
             ],
             [
              1,
              "#f0f921"
             ]
            ],
            "type": "surface"
           }
          ],
          "table": [
           {
            "cells": {
             "fill": {
              "color": "#EBF0F8"
             },
             "line": {
              "color": "white"
             }
            },
            "header": {
             "fill": {
              "color": "#C8D4E3"
             },
             "line": {
              "color": "white"
             }
            },
            "type": "table"
           }
          ]
         },
         "layout": {
          "annotationdefaults": {
           "arrowcolor": "#2a3f5f",
           "arrowhead": 0,
           "arrowwidth": 1
          },
          "coloraxis": {
           "colorbar": {
            "outlinewidth": 0,
            "ticks": ""
           }
          },
          "colorscale": {
           "diverging": [
            [
             0,
             "#8e0152"
            ],
            [
             0.1,
             "#c51b7d"
            ],
            [
             0.2,
             "#de77ae"
            ],
            [
             0.3,
             "#f1b6da"
            ],
            [
             0.4,
             "#fde0ef"
            ],
            [
             0.5,
             "#f7f7f7"
            ],
            [
             0.6,
             "#e6f5d0"
            ],
            [
             0.7,
             "#b8e186"
            ],
            [
             0.8,
             "#7fbc41"
            ],
            [
             0.9,
             "#4d9221"
            ],
            [
             1,
             "#276419"
            ]
           ],
           "sequential": [
            [
             0,
             "#0d0887"
            ],
            [
             0.1111111111111111,
             "#46039f"
            ],
            [
             0.2222222222222222,
             "#7201a8"
            ],
            [
             0.3333333333333333,
             "#9c179e"
            ],
            [
             0.4444444444444444,
             "#bd3786"
            ],
            [
             0.5555555555555556,
             "#d8576b"
            ],
            [
             0.6666666666666666,
             "#ed7953"
            ],
            [
             0.7777777777777778,
             "#fb9f3a"
            ],
            [
             0.8888888888888888,
             "#fdca26"
            ],
            [
             1,
             "#f0f921"
            ]
           ],
           "sequentialminus": [
            [
             0,
             "#0d0887"
            ],
            [
             0.1111111111111111,
             "#46039f"
            ],
            [
             0.2222222222222222,
             "#7201a8"
            ],
            [
             0.3333333333333333,
             "#9c179e"
            ],
            [
             0.4444444444444444,
             "#bd3786"
            ],
            [
             0.5555555555555556,
             "#d8576b"
            ],
            [
             0.6666666666666666,
             "#ed7953"
            ],
            [
             0.7777777777777778,
             "#fb9f3a"
            ],
            [
             0.8888888888888888,
             "#fdca26"
            ],
            [
             1,
             "#f0f921"
            ]
           ]
          },
          "colorway": [
           "#636efa",
           "#EF553B",
           "#00cc96",
           "#ab63fa",
           "#FFA15A",
           "#19d3f3",
           "#FF6692",
           "#B6E880",
           "#FF97FF",
           "#FECB52"
          ],
          "font": {
           "color": "#2a3f5f"
          },
          "geo": {
           "bgcolor": "white",
           "lakecolor": "white",
           "landcolor": "#E5ECF6",
           "showlakes": true,
           "showland": true,
           "subunitcolor": "white"
          },
          "hoverlabel": {
           "align": "left"
          },
          "hovermode": "closest",
          "mapbox": {
           "style": "light"
          },
          "paper_bgcolor": "white",
          "plot_bgcolor": "#E5ECF6",
          "polar": {
           "angularaxis": {
            "gridcolor": "white",
            "linecolor": "white",
            "ticks": ""
           },
           "bgcolor": "#E5ECF6",
           "radialaxis": {
            "gridcolor": "white",
            "linecolor": "white",
            "ticks": ""
           }
          },
          "scene": {
           "xaxis": {
            "backgroundcolor": "#E5ECF6",
            "gridcolor": "white",
            "gridwidth": 2,
            "linecolor": "white",
            "showbackground": true,
            "ticks": "",
            "zerolinecolor": "white"
           },
           "yaxis": {
            "backgroundcolor": "#E5ECF6",
            "gridcolor": "white",
            "gridwidth": 2,
            "linecolor": "white",
            "showbackground": true,
            "ticks": "",
            "zerolinecolor": "white"
           },
           "zaxis": {
            "backgroundcolor": "#E5ECF6",
            "gridcolor": "white",
            "gridwidth": 2,
            "linecolor": "white",
            "showbackground": true,
            "ticks": "",
            "zerolinecolor": "white"
           }
          },
          "shapedefaults": {
           "line": {
            "color": "#2a3f5f"
           }
          },
          "ternary": {
           "aaxis": {
            "gridcolor": "white",
            "linecolor": "white",
            "ticks": ""
           },
           "baxis": {
            "gridcolor": "white",
            "linecolor": "white",
            "ticks": ""
           },
           "bgcolor": "#E5ECF6",
           "caxis": {
            "gridcolor": "white",
            "linecolor": "white",
            "ticks": ""
           }
          },
          "title": {
           "x": 0.05
          },
          "xaxis": {
           "automargin": true,
           "gridcolor": "white",
           "linecolor": "white",
           "ticks": "",
           "title": {
            "standoff": 15
           },
           "zerolinecolor": "white",
           "zerolinewidth": 2
          },
          "yaxis": {
           "automargin": true,
           "gridcolor": "white",
           "linecolor": "white",
           "ticks": "",
           "title": {
            "standoff": 15
           },
           "zerolinecolor": "white",
           "zerolinewidth": 2
          }
         }
        },
        "title": {
         "text": "Surface approximation (with +/- one std deviation markers"
        },
        "xaxis": {
         "title": {
          "text": "rows"
         }
        },
        "yaxis": {
         "title": {
          "text": "columns"
         }
        }
       }
      }
     },
     "metadata": {}
    }
   ],
   "source": [
    "matrixInfo(m, verbose=False, surfaceGraph=True )"
   ]
  }
 ],
 "metadata": {
  "kernelspec": {
   "display_name": "Python 3",
   "language": "python",
   "name": "python3"
  },
  "language_info": {
   "codemirror_mode": {
    "name": "ipython",
    "version": 3
   },
   "file_extension": ".py",
   "mimetype": "text/x-python",
   "name": "python",
   "nbconvert_exporter": "python",
   "pygments_lexer": "ipython3",
   "version": "3.8.3-final"
  }
 },
 "nbformat": 4,
 "nbformat_minor": 4
}